variables = time, rho_avg, Cd, Cl

100	  1.0000	 -0.0545	 -0.0334
200	  1.0000	  0.6774	  0.0074
300	  1.0000	  1.1492	  0.0095
400	  0.9998	  1.2422	  0.0123
500	  0.9998	  1.1473	  0.0194
600	  0.9998	  1.1979	  0.0274
700	  0.9999	  1.0295	  0.0304
800	  0.9999	  1.3135	  0.0085
900	  0.9999	  0.9420	  0.0588
1000	  0.9999	  0.8939	  0.0592
1100	  0.9999	  0.9245	  0.0679
1200	  0.9999	  0.8811	  0.0758
1300	  0.9999	  0.8791	  0.0784
1400	  0.9998	  0.8432	  0.0766
1500	  0.9998	  0.8307	  0.0710
1600	  0.9998	  0.8258	  0.0710
1700	  0.9998	  0.8618	 -0.0094
1800	  0.9998	  0.5968	 -0.0448
1900	  0.9998	  0.8378	 -0.1126
2000	  0.9998	  0.8160	 -0.2054
2100	  0.9998	  0.8148	 -0.3241
2200	  0.9998	  0.8055	 -0.4684
2300	  0.9998	  0.7800	 -0.6353
2400	  0.9998	  0.9599	 -0.8260
2500	  0.9998	  0.9352	 -0.9301
2600	  0.9997	  0.9639	 -1.0642
2700	  0.9997	  1.0067	 -1.1379
2800	  0.9997	  1.0606	 -1.1633
2900	  0.9997	  1.0881	 -1.1199
3000	  0.9997	  1.0280	 -1.0025
3100	  0.9997	  1.0244	 -0.7840
3200	  0.9997	  0.9578	 -0.4204
3300	  0.9997	  1.0277	  0.0234
3400	  0.9997	  1.1326	  0.5199
3500	  0.9996	  1.2713	  0.9232
3600	  0.9996	  1.5255	  1.0856
3700	  0.9996	  1.5516	  0.9193
3800	  0.9996	  1.4417	  0.4990
3900	  0.9996	  1.2946	 -0.0692
4000	  0.9996	  1.2542	 -0.6058
4100	  0.9996	  1.3181	 -0.8138
4200	  0.9996	  1.3389	 -0.8552
4300	  0.9996	  1.3450	 -0.7314
4400	  0.9996	  1.2317	 -0.5125
4500	  0.9996	  1.1638	 -0.2304
4600	  0.9996	  1.1051	  0.1009
4700	  0.9996	  1.0578	  0.5068
4800	  0.9996	  1.1957	  0.9578
4900	  0.9996	  1.4376	  1.2757
5000	  0.9996	  1.5466	  1.3414
5100	  0.9996	  1.5394	  1.1704
5200	  0.9995	  1.3901	  0.7852
5300	  0.9995	  1.2748	  0.1718
5400	  0.9995	  1.3123	 -0.5608
5500	  0.9995	  1.5587	 -1.0479
5600	  0.9995	  1.6540	 -1.1176
5700	  0.9995	  1.5408	 -0.9001
5800	  0.9995	  1.3869	 -0.4878
5900	  0.9995	  1.2180	  0.1040
6000	  0.9995	  1.2853	  0.7029
6100	  0.9994	  1.4133	  1.0775
6200	  0.9994	  1.4728	  1.1823
6300	  0.9994	  1.4415	  1.0901
6400	  0.9994	  1.3451	  0.8152
6500	  0.9994	  1.2079	  0.4096
6600	  0.9994	  1.1823	 -0.1130
6700	  0.9994	  1.2511	 -0.7050
6800	  0.9994	  1.4662	 -1.2132
6900	  0.9994	  1.6990	 -1.3653
7000	  0.9994	  1.7073	 -1.1875
7100	  0.9994	  1.5364	 -0.7495
7200	  0.9994	  1.3278	 -0.0939
7300	  0.9994	  1.3789	  0.7020
7400	  0.9994	  1.5593	  1.1407
7500	  0.9993	  1.6605	  1.1983
7600	  0.9993	  1.5659	  1.0235
7700	  0.9993	  1.4174	  0.6459
7800	  0.9993	  1.2602	  0.1044
7900	  0.9993	  1.2543	 -0.6102
8000	  0.9993	  1.4726	 -1.1224
8100	  0.9993	  1.6446	 -1.3391
8200	  0.9993	  1.6556	 -1.2235
8300	  0.9993	  1.4979	 -0.8760
8400	  0.9993	  1.3423	 -0.3165
8500	  0.9993	  1.2830	  0.4064
8600	  0.9993	  1.4747	  1.0673
8700	  0.9993	  1.7012	  1.3070
8800	  0.9993	  1.6930	  1.2329
8900	  0.9993	  1.5428	  0.9064
9000	  0.9993	  1.3667	  0.3161
9100	  0.9993	  1.2795	 -0.4363
9200	  0.9993	  1.4782	 -1.0486
9300	  0.9993	  1.6351	 -1.2642
9400	  0.9993	  1.6189	 -1.1478
9500	  0.9993	  1.5135	 -0.7719
9600	  0.9993	  1.3331	 -0.2553
9700	  0.9993	  1.2629	  0.4444
9800	  0.9993	  1.4249	  1.0655
9900	  0.9993	  1.6541	  1.3610
10000	  0.9993	  1.6831	  1.3264
10100	  0.9993	  1.5714	  1.0179
10200	  0.9993	  1.3844	  0.4723
10300	  0.9993	  1.2889	 -0.2967
10400	  0.9993	  1.4437	 -0.9352
10500	  0.9993	  1.6863	 -1.2675
10600	  0.9993	  1.6903	 -1.2548
10700	  0.9993	  1.5686	 -0.9900
10800	  0.9993	  1.3822	 -0.4592
10900	  0.9993	  1.2894	  0.3108
11000	  0.9993	  1.4694	  1.0555
11100	  0.9993	  1.6596	  1.3852
11200	  0.9993	  1.6725	  1.3036
11300	  0.9994	  1.5775	  0.9984
11400	  0.9994	  1.3988	  0.5001
11500	  0.9994	  1.2887	 -0.2091
11600	  0.9994	  1.4380	 -0.9914
11700	  0.9994	  1.7004	 -1.3457
11800	  0.9994	  1.7209	 -1.3078
11900	  0.9994	  1.5688	 -0.9867
12000	  0.9994	  1.3988	 -0.4465
12100	  0.9994	  1.2919	  0.2700
12200	  0.9994	  1.4684	  0.9939
12300	  0.9994	  1.6979	  1.3241
12400	  0.9994	  1.7125	  1.2663
12500	  0.9995	  1.5678	  0.9652
12600	  0.9995	  1.3980	  0.4866
12700	  0.9995	  1.2787	 -0.2375
12800	  0.9995	  1.4509	 -0.9902
12900	  0.9994	  1.6586	 -1.3171
13000	  0.9995	  1.7006	 -1.2855
13100	  0.9995	  1.5901	 -0.9482
13200	  0.9995	  1.3977	 -0.4350
13300	  0.9995	  1.2808	  0.2585
13400	  0.9995	  1.4438	  0.9866
13500	  0.9995	  1.6689	  1.3338
13600	  0.9995	  1.7356	  1.3027
13700	  0.9995	  1.6069	  1.0167
13800	  0.9995	  1.3836	  0.5020
13900	  0.9995	  1.2637	 -0.2520
14000	  0.9995	  1.4455	 -0.9583
14100	  0.9995	  1.6742	 -1.2674
14200	  0.9995	  1.7291	 -1.2550
14300	  0.9995	  1.6095	 -0.9973
14400	  0.9995	  1.4006	 -0.4937
14500	  0.9995	  1.2601	  0.2756
14600	  0.9995	  1.4696	  1.0533
14700	  0.9995	  1.6859	  1.3803
14800	  0.9995	  1.6969	  1.3309
14900	  0.9995	  1.5998	  1.0052
15000	  0.9995	  1.4095	  0.4862
15100	  0.9995	  1.2828	 -0.1941
15200	  0.9995	  1.4428	 -0.9579
15300	  0.9995	  1.6867	 -1.3466
15400	  0.9995	  1.6874	 -1.3508
15500	  0.9995	  1.5896	 -0.9828
15600	  0.9995	  1.4067	 -0.4057
15700	  0.9995	  1.2941	  0.3238
15800	  0.9995	  1.4458	  1.0298
15900	  0.9995	  1.6874	  1.3490
16000	  0.9995	  1.6845	  1.3409
16100	  0.9995	  1.5644	  1.0164
16200	  0.9995	  1.3912	  0.4917
16300	  0.9995	  1.2984	 -0.2619
16400	  0.9995	  1.4375	 -1.0305
16500	  0.9995	  1.6560	 -1.3985
16600	  0.9995	  1.6985	 -1.2846
16700	  0.9995	  1.5906	 -0.9674
16800	  0.9995	  1.3830	 -0.4626
16900	  0.9995	  1.2892	  0.2685
17000	  0.9995	  1.4707	  1.0061
17100	  0.9995	  1.6844	  1.4226
17200	  0.9995	  1.6893	  1.4168
17300	  0.9995	  1.5835	  0.9955
17400	  0.9995	  1.3892	  0.4301
17500	  0.9995	  1.2886	 -0.2536
17600	  0.9995	  1.4486	 -0.9579
17700	  0.9995	  1.6746	 -1.3204
17800	  0.9995	  1.7114	 -1.3444
17900	  0.9995	  1.5777	 -1.0366
18000	  0.9995	  1.3870	 -0.4442
18100	  0.9995	  1.2919	  0.3131
18200	  0.9995	  1.4545	  1.0167
18300	  0.9995	  1.6903	  1.3441
18400	  0.9995	  1.7093	  1.3730
18500	  0.9995	  1.5903	  1.0206
18600	  0.9995	  1.3926	  0.5220
18700	  0.9995	  1.2760	 -0.1909
18800	  0.9995	  1.4534	 -0.9508
18900	  0.9995	  1.6955	 -1.3280
19000	  0.9995	  1.7070	 -1.3515
19100	  0.9995	  1.5802	 -1.0253
19200	  0.9995	  1.3986	 -0.4406
19300	  0.9995	  1.2865	  0.2794
19400	  0.9995	  1.4576	  0.9660
19500	  0.9995	  1.6997	  1.3244
19600	  0.9995	  1.7201	  1.3701
19700	  0.9995	  1.5874	  1.0629
19800	  0.9995	  1.3894	  0.4942
19900	  0.9995	  1.2766	 -0.2442
20000	  0.9995	  1.4435	 -0.9715
20100	  0.9995	  1.6794	 -1.3144
20200	  0.9995	  1.7118	 -1.3120
20300	  0.9995	  1.5905	 -0.9843
20400	  0.9995	  1.3952	 -0.4578
20500	  0.9995	  1.2847	  0.2666
20600	  0.9995	  1.4640	  1.0019
20700	  0.9995	  1.6855	  1.3747
20800	  0.9995	  1.7025	  1.3797
20900	  0.9995	  1.5888	  0.9943
21000	  0.9995	  1.3969	  0.4539
21100	  0.9995	  1.2811	 -0.2454
21200	  0.9995	  1.4427	 -0.9426
21300	  0.9995	  1.6710	 -1.3214
21400	  0.9995	  1.7102	 -1.3404
21500	  0.9995	  1.5844	 -0.9920
21600	  0.9995	  1.3924	 -0.4381
21700	  0.9995	  1.2886	  0.3119
21800	  0.9995	  1.4575	  1.0196
21900	  0.9995	  1.6775	  1.3683
22000	  0.9995	  1.7007	  1.3504
22100	  0.9995	  1.5785	  0.9963
22200	  0.9995	  1.3976	  0.4723
22300	  0.9995	  1.2822	 -0.2322
22400	  0.9995	  1.4451	 -0.9664
22500	  0.9995	  1.6725	 -1.3560
22600	  0.9995	  1.6994	 -1.3471
22700	  0.9995	  1.5829	 -0.9672
22800	  0.9995	  1.3952	 -0.4213
22900	  0.9995	  1.2808	  0.2911
23000	  0.9995	  1.4635	  1.0027
23100	  0.9995	  1.6832	  1.3576
23200	  0.9995	  1.7028	  1.3782
23300	  0.9995	  1.5827	  1.0197
23400	  0.9995	  1.3895	  0.4773
23500	  0.9995	  1.2823	 -0.2513
23600	  0.9995	  1.4461	 -0.9684
23700	  0.9995	  1.6710	 -1.3262
23800	  0.9995	  1.7039	 -1.3388
23900	  0.9995	  1.5845	 -0.9808
24000	  0.9995	  1.3949	 -0.4477
24100	  0.9995	  1.2840	  0.2782
24200	  0.9995	  1.4610	  1.0015
24300	  0.9995	  1.6897	  1.3701
24400	  0.9995	  1.7049	  1.3783
24500	  0.9995	  1.5811	  1.0162
24600	  0.9995	  1.3920	  0.4701
24700	  0.9995	  1.2798	 -0.2394
24800	  0.9995	  1.4465	 -0.9434
24900	  0.9995	  1.6795	 -1.3119
25000	  0.9995	  1.7079	 -1.3416
25100	  0.9995	  1.5897	 -1.0073
25200	  0.9995	  1.3922	 -0.4465
25300	  0.9995	  1.2820	  0.2911
25400	  0.9995	  1.4606	  1.0069
25500	  0.9995	  1.6935	  1.3462
25600	  0.9995	  1.7088	  1.3563
25700	  0.9995	  1.5825	  1.0275
25800	  0.9995	  1.3924	  0.4686
25900	  0.9995	  1.2820	 -0.2320
26000	  0.9995	  1.4453	 -0.9602
26100	  0.9995	  1.6830	 -1.3236
26200	  0.9995	  1.7080	 -1.3370
26300	  0.9995	  1.5859	 -0.9932
26400	  0.9995	  1.3922	 -0.4247
26500	  0.9995	  1.2844	  0.2982
26600	  0.9995	  1.4608	  1.0124
26700	  0.9995	  1.6870	  1.3475
26800	  0.9995	  1.7018	  1.3595
26900	  0.9995	  1.5865	  1.0094
27000	  0.9995	  1.3896	  0.4735
27100	  0.9995	  1.2825	 -0.2525
27200	  0.9995	  1.4433	 -0.9756
27300	  0.9995	  1.6702	 -1.3393
27400	  0.9995	  1.7029	 -1.3247
27500	  0.9995	  1.5841	 -0.9584
27600	  0.9995	  1.3907	 -0.4363
27700	  0.9995	  1.2908	  0.2925
27800	  0.9995	  1.4540	  1.0113
27900	  0.9995	  1.6753	  1.3932
28000	  0.9995	  1.6986	  1.3525
28100	  0.9995	  1.5822	  0.9895
28200	  0.9995	  1.3936	  0.4646
28300	  0.9995	  1.2828	 -0.2444
28400	  0.9995	  1.4333	 -0.9636
28500	  0.9995	  1.6625	 -1.3548
28600	  0.9995	  1.6995	 -1.3183
28700	  0.9995	  1.5857	 -0.9773
28800	  0.9995	  1.3932	 -0.4451
28900	  0.9995	  1.2867	  0.2754
29000	  0.9995	  1.4496	  1.0095
29100	  0.9995	  1.6666	  1.3868
29200	  0.9995	  1.6972	  1.3557
29300	  0.9995	  1.5865	  1.0012
29400	  0.9995	  1.3952	  0.4894
29500	  0.9995	  1.2825	 -0.2010
29600	  0.9995	  1.4286	 -0.9410
29700	  0.9995	  1.6585	 -1.3455
29800	  0.9995	  1.7019	 -1.3525
29900	  0.9995	  1.5878	 -0.9872
30000	  0.9995	  1.3990	 -0.4669
30100	  0.9995	  1.2855	  0.2406
30200	  0.9995	  1.4389	  0.9658
30300	  0.9995	  1.6683	  1.3598
30400	  0.9995	  1.7029	  1.3745
30500	  0.9995	  1.5897	  1.0357
30600	  0.9995	  1.4025	  0.5320
30700	  0.9995	  1.2813	 -0.1783
30800	  0.9995	  1.4167	 -0.9079
30900	  0.9995	  1.6537	 -1.3238
31000	  0.9995	  1.7075	 -1.3476
31100	  0.9995	  1.5964	 -1.0144
31200	  0.9995	  1.4079	 -0.5062
31300	  0.9995	  1.2849	  0.1922
31400	  0.9995	  1.4259	  0.9277
31500	  0.9995	  1.6626	  1.3575
31600	  0.9995	  1.7085	  1.3836
31700	  0.9995	  1.5958	  1.0546
31800	  0.9995	  1.4138	  0.5467
31900	  0.9995	  1.2826	 -0.1319
32000	  0.9995	  1.4006	 -0.8695
32100	  0.9995	  1.6468	 -1.3057
32200	  0.9995	  1.7089	 -1.3517
32300	  0.9995	  1.6033	 -1.0434
32400	  0.9995	  1.4214	 -0.5325
32500	  0.9995	  1.2842	  0.1582
32600	  0.9995	  1.4097	  0.9084
32700	  0.9995	  1.6500	  1.3413
32800	  0.9995	  1.7062	  1.3771
32900	  0.9995	  1.6070	  1.0660
33000	  0.9995	  1.4224	  0.5795
33100	  0.9995	  1.2852	 -0.0879
33200	  0.9995	  1.3873	 -0.8418
33300	  0.9995	  1.6284	 -1.3092
33400	  0.9995	  1.7085	 -1.3563
33500	  0.9995	  1.6126	 -1.0503
33600	  0.9995	  1.4292	 -0.5583
33700	  0.9995	  1.2909	  0.1149
33800	  0.9995	  1.3908	  0.8678
33900	  0.9995	  1.6343	  1.3384
34000	  0.9995	  1.7068	  1.3796
34100	  0.9995	  1.6121	  1.0879
34200	  0.9995	  1.4339	  0.6095
34300	  0.9995	  1.2910	 -0.0464
34400	  0.9995	  1.3669	 -0.8092
34500	  0.9995	  1.6130	 -1.3000
34600	  0.9995	  1.7040	 -1.3532
34700	  0.9995	  1.6210	 -1.0730
34800	  0.9995	  1.4422	 -0.5964
34900	  0.9995	  1.2950	  0.0557
35000	  0.9995	  1.3719	  0.8277
35100	  0.9995	  1.6175	  1.3295
35200	  0.9995	  1.7050	  1.3907
35300	  0.9995	  1.6228	  1.1096
35400	  0.9995	  1.4452	  0.6485
35500	  0.9995	  1.2976	  0.0150
35600	  0.9995	  1.3484	 -0.7505
35700	  0.9995	  1.5968	 -1.2774
35800	  0.9995	  1.7031	 -1.3684
35900	  0.9995	  1.6305	 -1.1012
36000	  0.9995	  1.4558	 -0.6487
36100	  0.9995	  1.3001	 -0.0056
36200	  0.9995	  1.3524	  0.7663
36300	  0.9995	  1.6020	  1.2997
36400	  0.9995	  1.7019	  1.4017
36500	  0.9995	  1.6346	  1.1423
36600	  0.9995	  1.4609	  0.7032
36700	  0.9995	  1.3030	  0.0820
36800	  0.9995	  1.3319	 -0.6779
36900	  0.9995	  1.5783	 -1.2426
37000	  0.9995	  1.7031	 -1.3838
37100	  0.9995	  1.6437	 -1.1390
37200	  0.9995	  1.4705	 -0.6961
37300	  0.9995	  1.3096	 -0.0757
37400	  0.9995	  1.3335	  0.6896
37500	  0.9995	  1.5831	  1.2580
37600	  0.9995	  1.7040	  1.4113
37700	  0.9995	  1.6440	  1.1809
37800	  0.9995	  1.4795	  0.7553
37900	  0.9995	  1.3136	  0.1490
38000	  0.9995	  1.3118	 -0.6103
38100	  0.9995	  1.5581	 -1.2001
38200	  0.9995	  1.7005	 -1.3833
38300	  0.9995	  1.6535	 -1.1722
38400	  0.9995	  1.4924	 -0.7491
38500	  0.9995	  1.3174	 -0.1459
38600	  0.9995	  1.3168	  0.6167
38700	  0.9995	  1.5600	  1.2222
38800	  0.9995	  1.6986	  1.4140
38900	  0.9995	  1.6569	  1.2083
39000	  0.9995	  1.4987	  0.8028
39100	  0.9995	  1.3241	  0.2140
39200	  0.9995	  1.3002	 -0.5334
39300	  0.9995	  1.5280	 -1.1636
39400	  0.9995	  1.6951	 -1.3788
39500	  0.9995	  1.6642	 -1.1990
39600	  0.9995	  1.5107	 -0.7994
39700	  0.9995	  1.3308	 -0.2120
39800	  0.9995	  1.3025	  0.5433
39900	  0.9995	  1.5294	  1.1883
40000	  0.9995	  1.6921	  1.4067
40100	  0.9995	  1.6653	  1.2328
40200	  0.9995	  1.5186	  0.8490
40300	  0.9995	  1.3375	  0.2863
40400	  0.9995	  1.2899	 -0.4571
40500	  0.9995	  1.4961	 -1.1241
40600	  0.9995	  1.6840	 -1.3765
40700	  0.9995	  1.6731	 -1.2254
40800	  0.9995	  1.5307	 -0.8457
40900	  0.9995	  1.3462	 -0.2866
41000	  0.9995	  1.2929	  0.4609
41100	  0.9995	  1.4964	  1.1376
41200	  0.9995	  1.6834	  1.4062
41300	  0.9995	  1.6734	  1.2581
41400	  0.9995	  1.5368	  0.9023
41500	  0.9995	  1.3545	  0.3594
41600	  0.9995	  1.2824	 -0.3709
41700	  0.9995	  1.4647	 -1.0666
41800	  0.9995	  1.6705	 -1.3736
41900	  0.9995	  1.6794	 -1.2492
42000	  0.9995	  1.5530	 -0.9039
42100	  0.9995	  1.3630	 -0.3651
42200	  0.9995	  1.2856	  0.3630
42300	  0.9995	  1.4657	  1.0744
42400	  0.9995	  1.6684	  1.4026
42500	  0.9995	  1.6830	  1.2899
42600	  0.9995	  1.5580	  0.9575
42700	  0.9995	  1.3719	  0.4364
42800	  0.9995	  1.2817	 -0.2674
42900	  0.9995	  1.4320	 -0.9900
43000	  0.9995	  1.6543	 -1.3613
43100	  0.9995	  1.6896	 -1.2830
43200	  0.9995	  1.5719	 -0.9622
43300	  0.9995	  1.3844	 -0.4466
43400	  0.9995	  1.2840	  0.2605
43500	  0.9995	  1.4313	  0.9928
43600	  0.9995	  1.6534	  1.3855
43700	  0.9995	  1.6902	  1.3204
43800	  0.9995	  1.5788	  1.0142
43900	  0.9995	  1.3951	  0.5178
44000	  0.9995	  1.2819	 -0.1626
44100	  0.9995	  1.4001	 -0.9013
44200	  0.9995	  1.6339	 -1.3416
44300	  0.9995	  1.6954	 -1.3134
44400	  0.9995	  1.5940	 -1.0163
44500	  0.9995	  1.4081	 -0.5255
44600	  0.9995	  1.2869	  0.1520
44700	  0.9995	  1.3978	  0.9013
44800	  0.9995	  1.6313	  1.3597
44900	  0.9995	  1.6976	  1.3463
45000	  0.9995	  1.5989	  1.0699
45100	  0.9995	  1.4197	  0.5936
45200	  0.9995	  1.2888	 -0.0594
45300	  0.9995	  1.3658	 -0.8101
45400	  0.9995	  1.6075	 -1.3081
45500	  0.9995	  1.6985	 -1.3340
45600	  0.9995	  1.6134	 -1.0684
45700	  0.9995	  1.4348	 -0.6019
45800	  0.9995	  1.2937	  0.0446
45900	  0.9995	  1.3640	  0.8098
46000	  0.9995	  1.6035	  1.3264
46100	  0.9995	  1.6995	  1.3663
46200	  0.9995	  1.6188	  1.1164
46300	  0.9995	  1.4464	  0.6691
46400	  0.9995	  1.2997	  0.0439
46500	  0.9995	  1.3344	 -0.7137
46600	  0.9995	  1.5753	 -1.2681
46700	  0.9995	  1.6995	 -1.3479
46800	  0.9995	  1.6310	 -1.1158
46900	  0.9995	  1.4626	 -0.6782
47000	  0.9995	  1.3061	 -0.0578
47100	  0.9995	  1.3323	  0.7101
47200	  0.9995	  1.5717	  1.2858
47300	  0.9995	  1.6970	  1.3756
47400	  0.9995	  1.6358	  1.1614
47500	  0.9995	  1.4749	  0.7453
47600	  0.9995	  1.3121	  0.1468
47700	  0.9995	  1.3096	 -0.6098
47800	  0.9995	  1.5398	 -1.2209
47900	  0.9995	  1.6926	 -1.3569
48000	  0.9995	  1.6492	 -1.1608
48100	  0.9995	  1.4904	 -0.7531
48200	  0.9995	  1.3211	 -0.1644
48300	  0.9995	  1.3100	  0.5986
48400	  0.9995	  1.5342	  1.2317
48500	  0.9995	  1.6913	  1.3858
48600	  0.9995	  1.6521	  1.2055
48700	  0.9995	  1.5005	  0.8207
48800	  0.9995	  1.3310	  0.2488
48900	  0.9995	  1.2918	 -0.4944
49000	  0.9995	  1.5005	 -1.1557
49100	  0.9995	  1.6830	 -1.3632
49200	  0.9995	  1.6629	 -1.2043
49300	  0.9995	  1.5186	 -0.8304
49400	  0.9995	  1.3408	 -0.2696
49500	  0.9995	  1.2929	  0.4762
49600	  0.9995	  1.4968	  1.1609
49700	  0.9995	  1.6793	  1.3949
49800	  0.9995	  1.6666	  1.2469
49900	  0.9995	  1.5288	  0.8936
50000	  0.9995	  1.3520	  0.3522
50100	  0.9995	  1.2820	 -0.3686
50200	  0.9995	  1.4615	 -1.0737
50300	  0.9995	  1.6675	 -1.3647
50400	  0.9995	  1.6766	 -1.2457
50500	  0.9995	  1.5464	 -0.9042
50600	  0.9995	  1.3643	 -0.3714
50700	  0.9995	  1.2840	  0.3507
50800	  0.9995	  1.4578	  1.0721
50900	  0.9995	  1.6635	  1.3907
51000	  0.9995	  1.6791	  1.2852
51100	  0.9995	  1.5567	  0.9649
51200	  0.9995	  1.3763	  0.4515
51300	  0.9995	  1.2792	 -0.2447
51400	  0.9995	  1.4228	 -0.9784
51500	  0.9995	  1.6456	 -1.3532
51600	  0.9995	  1.6876	 -1.2811
51700	  0.9995	  1.5745	 -0.9724
51800	  0.9995	  1.3900	 -0.4693
51900	  0.9995	  1.2837	  0.2250
52000	  0.9995	  1.4178	  0.9728
52100	  0.9995	  1.6420	  1.3734
52200	  0.9995	  1.6898	  1.3175
52300	  0.9995	  1.5814	  1.0309
52400	  0.9995	  1.4038	  0.5438
52500	  0.9995	  1.2837	 -0.1241
52600	  0.9995	  1.3824	 -0.8737
52700	  0.9995	  1.6197	 -1.3266
52800	  0.9995	  1.6931	 -1.3093
52900	  0.9995	  1.5998	 -1.0356
53000	  0.9995	  1.4194	 -0.5614
53100	  0.9995	  1.2885	  0.1022
53200	  0.9995	  1.3784	  0.8664
53300	  0.9995	  1.6135	  1.3452
53400	  0.9995	  1.6940	  1.3433
53500	  0.9995	  1.6069	  1.0893
53600	  0.9995	  1.4319	  0.6340
53700	  0.9995	  1.2938	 -0.0047
53800	  0.9995	  1.3458	 -0.7620
53900	  0.9995	  1.5858	 -1.2901
54000	  0.9995	  1.6954	 -1.3308
54100	  0.9995	  1.6227	 -1.0932
54200	  0.9995	  1.4488	 -0.6493
54300	  0.9995	  1.3010	 -0.0172
54400	  0.9995	  1.3414	  0.7508
54500	  0.9995	  1.5797	  1.3053
54600	  0.9995	  1.6946	  1.3604
54700	  0.9995	  1.6279	  1.1448
54800	  0.9995	  1.4620	  0.7200
54900	  0.9995	  1.3081	  0.1123
55000	  0.9995	  1.3154	 -0.6431
55100	  0.9995	  1.5482	 -1.2406
55200	  0.9995	  1.6918	 -1.3460
55300	  0.9995	  1.6428	 -1.1461
55400	  0.9995	  1.4797	 -0.7342
55500	  0.9995	  1.3174	 -0.1381
55600	  0.9995	  1.3132	  0.6272
55700	  0.9995	  1.5416	  1.2496
55800	  0.9995	  1.6911	  1.3759
55900	  0.9995	  1.6469	  1.1949
56000	  0.9995	  1.4919	  0.8035
56100	  0.9995	  1.3271	  0.2267
56200	  0.9995	  1.2940	 -0.5161
56300	  0.9995	  1.5073	 -1.1723
56400	  0.9995	  1.6828	 -1.3567
56500	  0.9995	  1.6593	 -1.1954
56600	  0.9995	  1.5111	 -0.8172
56700	  0.9995	  1.3370	 -0.2529
56800	  0.9995	  1.2947	  0.4959
56900	  0.9995	  1.5014	  1.1759
57000	  0.9995	  1.6796	  1.3866
57100	  0.9995	  1.6636	  1.2398
57200	  0.9995	  1.5222	  0.8836
57300	  0.9995	  1.3489	  0.3379
57400	  0.9995	  1.2832	 -0.3840
57500	  0.9995	  1.4648	 -1.0876
57600	  0.9995	  1.6688	 -1.3602
57700	  0.9995	  1.6740	 -1.2392
57800	  0.9995	  1.5411	 -0.8942
57900	  0.9995	  1.3619	 -0.3613
58000	  0.9995	  1.2846	  0.3625
58100	  0.9995	  1.4594	  1.0851
58200	  0.9995	  1.6646	  1.3859
58300	  0.9995	  1.6763	  1.2802
58400	  0.9995	  1.5526	  0.9576
58500	  0.9995	  1.3744	  0.4430
58600	  0.9995	  1.2793	 -0.2547
58700	  0.9995	  1.4239	 -0.9888
58800	  0.9995	  1.6471	 -1.3509
58900	  0.9995	  1.6847	 -1.2763
59000	  0.9995	  1.5719	 -0.9657
59100	  0.9995	  1.3883	 -0.4646
59200	  0.9995	  1.2836	  0.2321
59300	  0.9995	  1.4181	  0.9820
59400	  0.9995	  1.6420	  1.3729
59500	  0.9995	  1.6869	  1.3126
59600	  0.9995	  1.5803	  1.0259
59700	  0.9995	  1.4020	  0.5408
59800	  0.9995	  1.2839	 -0.1290
59900	  0.9995	  1.3827	 -0.8794
60000	  0.9995	  1.6196	 -1.3271
60100	  0.9995	  1.6914	 -1.3059
60200	  0.9995	  1.5989	 -1.0328
60300	  0.9995	  1.4177	 -0.5602
60400	  0.9995	  1.2893	  0.1049
60500	  0.9995	  1.3777	  0.8700
60600	  0.9995	  1.6132	  1.3452
60700	  0.9995	  1.6926	  1.3396
60800	  0.9995	  1.6061	  1.0883
60900	  0.9995	  1.4311	  0.6341
61000	  0.9995	  1.2944	 -0.0053
61100	  0.9995	  1.3448	 -0.7627
61200	  0.9995	  1.5862	 -1.2901
61300	  0.9995	  1.6941	 -1.3294
61400	  0.9995	  1.6223	 -1.0924
61500	  0.9995	  1.4485	 -0.6512
61600	  0.9995	  1.3012	 -0.0194
61700	  0.9995	  1.3407	  0.7489
61800	  0.9995	  1.5795	  1.3043
61900	  0.9995	  1.6933	  1.3607
62000	  0.9995	  1.6282	  1.1451
62100	  0.9995	  1.4620	  0.7230
62200	  0.9995	  1.3085	  0.1148
62300	  0.9995	  1.3150	 -0.6388
62400	  0.9995	  1.5472	 -1.2388
62500	  0.9995	  1.6906	 -1.3464
62600	  0.9995	  1.6435	 -1.1468
62700	  0.9995	  1.4800	 -0.7385
62800	  0.9995	  1.3176	 -0.1415
